a<-rep(1,10)
b<-1:10
a*b